{
 "cells": [
  {
   "cell_type": "code",
   "execution_count": 37,
   "metadata": {},
   "outputs": [],
   "source": [
    "import numpy as np\n",
    "from numpy.linalg import inv"
   ]
  },
  {
   "cell_type": "code",
   "execution_count": 43,
   "metadata": {},
   "outputs": [
    {
     "name": "stdout",
     "output_type": "stream",
     "text": [
      "[[2 4 5]\n",
      " [3 3 6]\n",
      " [2 7 8]]\n",
      "[[3 3 6]\n",
      " [2 4 5]\n",
      " [4 0 1]]\n"
     ]
    }
   ],
   "source": [
    "A = np.array([[2,4,5], [3,3,6], [2, 7, 8]])\n",
    "B = np.array([[3,3,6], [2,4,5], [4, 0, 1]])\n",
    "print(A)\n",
    "print(B)"
   ]
  },
  {
   "cell_type": "code",
   "execution_count": 45,
   "metadata": {},
   "outputs": [
    {
     "name": "stdout",
     "output_type": "stream",
     "text": [
      "[[34 22 37]\n",
      " [39 21 39]\n",
      " [52 34 55]]\n"
     ]
    }
   ],
   "source": [
    "prod = np.dot(A, B)\n",
    "print(prod)"
   ]
  },
  {
   "cell_type": "code",
   "execution_count": 49,
   "metadata": {},
   "outputs": [
    {
     "name": "stdout",
     "output_type": "stream",
     "text": [
      "[[2. 4. 5.]\n",
      " [3. 3. 6.]\n",
      " [2. 7. 8.]]\n"
     ]
    }
   ],
   "source": [
    "Bin = inv(B)\n",
    "\n",
    "roughA = np.dot(prod,Bin)\n",
    "print(roughA)"
   ]
  },
  {
   "cell_type": "code",
   "execution_count": 38,
   "metadata": {},
   "outputs": [],
   "source": [
    "Ain = inv(A)"
   ]
  },
  {
   "cell_type": "code",
   "execution_count": 39,
   "metadata": {},
   "outputs": [
    {
     "data": {
      "text/plain": [
       "array([[ 2.        , -0.33333333, -1.        ],\n",
       "       [ 1.33333333, -0.66666667, -0.33333333],\n",
       "       [-1.66666667,  0.66666667,  0.66666667]])"
      ]
     },
     "execution_count": 39,
     "metadata": {},
     "output_type": "execute_result"
    }
   ],
   "source": [
    "Ain"
   ]
  },
  {
   "cell_type": "code",
   "execution_count": 40,
   "metadata": {},
   "outputs": [
    {
     "name": "stdout",
     "output_type": "stream",
     "text": [
      "[[ 1.00000000e+00 -2.22044605e-16  0.00000000e+00]\n",
      " [ 0.00000000e+00  1.00000000e+00 -8.88178420e-16]\n",
      " [ 0.00000000e+00  0.00000000e+00  1.00000000e+00]]\n"
     ]
    }
   ],
   "source": [
    "print(np.dot(A, Ain))"
   ]
  }
 ],
 "metadata": {
  "kernelspec": {
   "display_name": "Python 3",
   "language": "python",
   "name": "python3"
  },
  "language_info": {
   "codemirror_mode": {
    "name": "ipython",
    "version": 3
   },
   "file_extension": ".py",
   "mimetype": "text/x-python",
   "name": "python",
   "nbconvert_exporter": "python",
   "pygments_lexer": "ipython3",
   "version": "3.6.4"
  }
 },
 "nbformat": 4,
 "nbformat_minor": 2
}
